123 0
0 56
0 112
0 168
0 224
0 280
0 336
0 392
0 448
0 504
0 560
0 616
0 672
0 728
0 784
0 840
0 896
0 952
0 1008
0 1064
0 1120
0 1176
0 1232
0 1288
0 1344
0 1400
0 1456
0 1512
0 1568
0 1624
0 1680
0 1736
0 1792
0 1848
0 1904
0 1960
0 2016
0 2072
0 2128
0 2184
0 2240
0 2296
0 2352
0 2408
0 2464
0 2520
0 2576
0 2632
0 2688
0 2744
0 2800
0 2856
0 2912
0 2968
0 3024
0 3080
0 3136
0 3192
0 3248
0 3304
0 3360
0 3416
0 3472
0 3528
0 3584
0 3640
0 3696
0 3752
0 3808
0 3864
0 3920
0 3976
0 4032
0 4088
0 4144
0 4200
0 4256
0 4312
0 4368
0 4424
0 4480
0 4536
0 4592
0 4648
0 4704
0 4760
0 4816
0 4872
0 4928
0 4984
0 5040
0 5096
0 5152
0 5208
0 5264
0 5320
0 5376
0 5432
0 5488
0 5544
0 5600
0 5656
0 5712
0 5768
0 5824
0 5880
0 5936
0 5992
0 6048
0 6104
0 6160
0 6216
0 6272
0 6328
0 6384
0 6440
0 6496
0 6552
0 6608
0 6664
0 6720
0 6776
0 6832
0 6888
0 6944
0 7000
0 7056
0 7112
0 7168
0 7224
0 7280
0 7336
0 7392
0 7448
0 7504
0 7560
0 7616
0 7672
0 7728
0 7784
0 7840
0 7896
0 7952
0 8008
0 8064
0 8120
0 8176
0 8232
0 8288
0 8344
0 8400
0 8456
0 8512
0 8568
0 8624
0 8680
0 8736
0 8792
0 8848
0 8904
0 8960
0 9016
0 9072
0 9128
0 9184
0 9240
0 9296
0 9352
0 9408
0 9464
0 9520
0 9576
0 9632
0 9688
0 9744
0 9800
0 9856
0 9912
0 9968
0 10024
0 10080
0 10136
0 10192
0 10248
0 10304
0 10360
0 10416
0 10472
0 10528
0 10584
0 10640
0 10696
0 10752
0 10808
0 10864
0 10920
0 10976
0 11032
0 11088
0 11144
0 11200
0 11256
0 11312
0 11368
0 11424
0 11480
0 11536
0 11592
0 11648
0 11704
0 11760
0 11816
0 11872
0 11928
0 11984
0 12040
0 12096
0 12152
0 12208
0 12264
0 12320
0 12376
0 12432
0 12488
0 12544
0 12600
0 12656
0 12712
0 12768
0 12824
0 12880
0 12936
0 12992
0 13048
0 13104
0 13160
0 13216
0 13272
0 13328
0 13384
0 13440
0 13496
0 13552
0 13608
0 13664
0 13720
0 13776
0 13832
0 13888
0 13944
0 14000
0 14056
0 14112
0 14168
0 14224
0 14280
0 14336
0 14392
0 14448
0 14504
0 14560
0 14616
0 14672
0 14728
0 14784
0 14840
0 14896
0 14952
0 15008
0 15064
0 15120
0 15176
0 15232
0 15288
0 15344
0 15400
0 15456
0 15512
0 15568
0 15624
0 15680
0 15736
0 15792
0 15848
0 15904
0 15960
0 16016
0 16072
0 16128
0 16184
0 16240
0 16296
0 16352
0 16408
0 16464
0 16520
0 16576
0 16632
0 16688
0 16744
0 16800
0 16856
0 16912
0 16968
0 17024
0 17080
0 17136
0 17192
0 17248
0 17304
0 17360
0 17416
0 17472
0 17528
0 17584
0 17640
0 17696
0 17752
0 17808
0 17864
0 17920
0 17976
0 18032
0 18088
0 18144
0 18200
0 18256
0 18312
0 18368
0 18424
0 18480
0 18536
0 18592
0 18648
0 18704
0 18760
0 18816
0 18872
0 18928
0 18984
0 19040
0 19096
0 19152
0 19208
0 19264
0 19320
0 19376
0 19432
0 19488
0 19544
0 19600
0 19656
0 19712
0 19768
0 19824
0 19880
0 19936
0 19992
0 20048
0 20104
0 20160
0 20216
0 20272
0 20328
0 20384
0 20440
0 20496
0 20552
0 20608
0 20664
0 20720
0 20776
0 20832
0 20888
0 20944
0 21000
0 21056
0 21112
0 21168
0 21224
0 21280
0 21336
0 21392
0 21448
0 21504
0 21560
0 21616
0 21672
0 21728
0 21784
0 21840
0 21896
0 21952
0 22008
0 22064
0 22120
0 22176
0 22232
0 22288
0 22344
0 22400
0 22456
0 22512
0 22568
0 22624
0 22680
0 22736
0 22792
0 22848
0 22904
0 22960
0 23016
0 23072
0 23128
0 23184
0 23240
0 23296
0 23352
0 23408
0 23464
0 23520
0 23576
0 23632
0 23688
0 23744
0 23800
0 23856
0 23912
0 23968
0 24024
0 24080
0 24136
0 24192
0 24248
0 24304
0 24360
0 24416
0 24472
0 24528
0 24584
0 24640
0 24696
0 24752
0 24808
0 24864
0 24920
0 24976
0 25032
0 25088
0 25144
0 25200
0 25256
0 25312
0 25368
0 25424
0 25480
0 25536
0 25592
0 25648
0 25704
0 25760
0 25816
0 25872
0 25928
0 25984
0 26040
0 26096
0 26152
0 26208
0 26264
0 26320
0 26376
0 26432
0 26488
0 26544
0 26600
0 26656
0 26712
0 26768
0 26824
0 26880
0 26936
0 26992
0 27048
0 27104
0 27160
0 27216
0 27272
0 27328
0 27384
0 27440
0 27496
0 27552
0 27608
0 27664
0 27720
0 27776
0 27832
0 27888
0 27944
0 28000
0 28056
0 28112
0 28168
0 28224
0 28280
0 28336
0 28392
0 28448
0 28504
0 28560
0 28616
0 28672
0 28728
0 28784
0 28840
0 28896
0 28952
0 29008
0 29064
0 29120
0 29176
0 29232
0 29288
0 29344
0 29400
0 29456
0 29512
0 29568
0 29624
0 29680
0 29736
0 29792
0 29848
0 29904
0 29960
0 30016
0 30072
0 30128
0 30184
0 30240
0 30296
0 30352
0 30408
0 30464
0 30520
0 30576
0 30632
0 30688
0 30744
0 30800
0 30856
0 30912
0 30968
0 31024
0 31080
0 31136
0 31192
0 31248
0 31304
0 31360
0 31416
0 31472
0 31528
0 31584
0 31640
0 31696
0 31752
0 31808
0 31864
0 31920
0 31976
0 32032
0 32088
0 32144
0 32200
0 32256
0 32312
0 32368
0 32424
0 32480
0 32536
0 32592
0 32648
0 32704
0 32760
0 32816
0 32872
0 32928
0 32984
0 33040
0 33096
0 33152
0 33208
0 33264
0 33320
0 33376
0 33432
0 33488
0 33544
0 33600
0 33656
0 33712
0 33768
0 33824
0 33880
0 33936
0 33992
0 34048
0 34104
0 34160
0 34216
0 34272
0 34328
0 34384
0 34440
0 34496
0 34552
0 34608
0 34664
0 34720
0 34776
0 34832
0 34888
0 34944
0 35000
0 35056
0 35112
0 35168
0 35224
0 35280
0 35336
0 35392
0 35448
0 35504
0 35560
0 35616
0 35672
0 35728
0 35784
0 35840
0 35896
0 35952
0 36008
0 36064
0 36120
0 36176
0 36232
0 36288
0 36344
0 36400
0 36456
0 36512
0 36568
0 36624
0 36680
0 36736
0 36792
0 36848
0 36904
0 36960
0 37016
0 37072
0 37128
0 37184
0 37240
0 37296
0 37352
0 37408
0 37464
0 37520
0 37576
0 37632
0 37688
0 37744
0 37800
0 37856
0 37912
0 37968
0 38024
0 38080
0 38136
0 38192
0 38248
0 38304
0 38360
0 38416
0 38472
0 38528
0 38584
0 38640
0 38696
0 38752
0 38808
0 38864
0 38920
0 38976
0 39032
0 39088
0 39144
0 39200
0 39256
0 39312
0 39368
0 39424
0 39480
0 39536
0 39592
0 39648
0 39704
0 39760
0 39816
0 39872
0 39928
0 39984
0 40040
0 40096
0 40152
0 40208
0 40264
0 40320
0 40376
0 40432
0 40488
0 40544
0 40600
0 40656
0 40712
0 40768
0 40824
0 40880
0 40936
0 40992
0 41048
0 41104
0 41160
0 41216
0 41272
0 41328
0 41384
0 41440
0 41496
0 41552
0 41608
0 41664
0 41720
0 41776
0 41832
0 41888
0 41944
0 42000
0 42056
0 42112
0 42168
0 42224
0 42280
0 42336
0 42392
0 42448
0 42504
0 42560
0 42616
0 42672
0 42728
0 42784
0 42840
0 42896
0 42952
0 43008
0 43064
0 43120
0 43176
0 43232
0 43288
0 43344
0 43400
0 43456
0 43512
0 43568
0 43624
0 43680
0 43736
0 43792
0 43848
0 43904
0 43960
0 44016
0 44072
0 44128
0 44184
0 44240
0 44296
0 44352
0 44408
0 44464
0 44520
0 44576
0 44632
0 44688
0 44744
0 44800
0 44856
0 44912
0 44968
0 45024
0 45080
0 45136
0 45192
0 45248
0 45304
0 45360
0 45416
0 45472
0 45528
0 45584
0 45640
0 45696
0 45752
0 45808
0 45864
0 45920
0 45976
0 46032
0 46088
0 46144
0 46200
0 46256
0 46312
0 46368
0 46424
0 46480
0 46536
0 46592
0 46648
0 46704
0 46760
0 46816
0 46872
0 46928
0 46984
0 47040
0 47096
0 47152
0 47208
0 47264
0 47320
0 47376
0 47432
0 47488
0 47544
0 47600
0 47656
0 47712
0 47768
0 47824
0 47880
0 47936
0 47992
0 48048
0 48104
0 48160
0 48216
0 48272
0 48328
0 48384
0 48440
0 48496
0 48552
0 48608
0 48664
0 48720
0 48776
0 48832
0 48888
0 48944
0 49000
0 49056
0 49112
0 49168
0 49224
0 49280
0 49336
0 49392
0 49448
0 49504
0 49560
0 49616
0 49672
0 49728
0 49784
0 49840
0 49896
0 49952
0 50008
0 50064
0 50120
0 50176
0 50232
0 50288
0 50344
0 50400
0 50456
0 50512
0 50568
0 50624
0 50680
0 50736
0 50792
0 50848
0 50904
0 50960
0 51016
0 51072
0 51128
0 51184
0 51240
0 51296
0 51352
0 51408
0 51464
0 51520
0 51576
0 51632
0 51688
0 51744
0 51800
0 51856
0 51912
0 51968
0 52024
0 52080
0 52136
0 52192
0 52248
0 52304
0 52360
0 52416
0 52472
0 52528
0 52584
0 52640
0 52696
0 52752
0 52808
0 52864
0 52920
0 52976
0 53032
0 53088
0 53144
0 53200
0 53256
0 53312
0 53368
0 53424
0 53480
0 53536
0 53592
0 53648
0 53704
0 53760
0 53816
0 53872
0 53928
0 53984
0 54040
0 54096
0 54152
0 54208
0 54264
0 54320
0 54376
0 54432
0 54488
0 54544
0 54600
0 54656
0 54712
0 54768
0 54824
0 54880
0 54936
0 54992
0 55048
0 55104
0 55160
0 55216
0 55272
0 55328
0 55384
0 55440
0 55496
0 55552
0 55608
0 55664
0 55720
0 55776
0 55832
0 55888
0 55944
0 56000
0 56056
0 56112
0 56168
0 56224
0 56280
0 56336
0 56392
0 56448
0 56504
0 56560
0 56616
0 56672
0 56728
0 56784
0 56840
0 56896
0 56952
0 57008
0 57064
0 57120
0 57176
0 57232
0 57288
0 57344
0 57400
0 57456
0 57512
0 57568
0 57624
0 57680
0 57736
0 57792
0 57848
0 57904
0 57960
0 58016
0 58072
0 58128
0 58184
0 58240
0 58296
0 58352
0 58408
0 58464
0 58520
0 58576
0 58632
0 58688
0 58744
0 58800
0 58856
0 58912
0 58968
0 59024
0 59080
0 59136
0 59192
0 59248
0 59304
0 59360
0 59416
0 59472
0 59528
0 59584
0 59640
0 59696
0 59752
0 59808
0 59864
0 59920
0 59976
0 60032
0 60088
0 60144
0 60200
0 60256
0 60312
0 60368
0 60424
0 60480
0 60536
0 60592
0 60648
0 60704
0 60760
0 60816
0 60872
0 60928
0 60984
0 61040
0 61096
0 61152
0 61208
0 61264
0 61320
0 61376
0 61432
0 61488
0 61544
0 61600
0 61656
0 61712
0 61768
0 61824
0 61880
0 61936
0 61992
0 62048
0 62104
0 62160
0 62216
0 62272
0 62328
0 62384
0 62440
0 62496
0 62552
0 62608
0 62664
0 62720
0 62776
0 62832
0 62888
0 62944
0 63000
0 63056
0 63112
0 63168
0 63224
0 63280
0 63336
0 63392
0 63448
0 63504
0 63560
0 63616
0 63672
0 63728
0 63784
0 63840
0 63896
0 63952
0 64008
0 64064
0 64120
0 64176
0 64232
0 64288
0 64344
0 64400
0 64456
0 64512
0 64568
0 64624
0 64680
0 64736
0 64792
0 64848
0 64904
0 64960
0 65016
0 65072
0 65128
0 65184
0 65240
0 65296
0 65352
0 65408
0 65464
0 65520
0 65576
0 65632
0 65688
0 65744
0 65800
0 65856
0 65912
0 65968
0 66024
0 66080
0 66136
0 66192
0 66248
0 66304
0 66360
0 66416
0 66472
0 66528
0 66584
0 66640
0 66696
0 66752
0 66808
0 66864
0 66920
0 66976
0 67032
0 67088
0 67144
0 67200
0 67256
0 67312
0 67368
0 67424
0 67480
0 67536
0 67592
0 67648
0 67704
0 67760
0 67816
0 67872
0 67928
0 67984
0 68040
0 68096
0 68152
0 68208
0 68264
0 68320
0 68376
0 68432
0 68488
0 68544
0 68600
0 68656
0 68712
0 68768
456 68824
